10000
80 99
37 78
84 86
73 8
1 78
88 30
36 56
26 31
44 80
96 83
1 24
83 75
52 50
85 6
38 13
13 70
64 50
0 48
88 73
9 41
4 97
71 92
5 97
24 49
78 72
33 79
96 68
7 48
70 92
6 8
5 19
30 21
22 30
70 10
4 79
52 60
28 23
52 85
73 28
35 51
0 20
82 96
40 89
97 10
81 55
71 38
75 1
60 97
84 82
7 40
13 11
0 93
87 52
78 60
81 65
63 33
37 45
82 77
35 79
88 68
34 11
59 61
64 71
58 48
5 18
88 18
81 88
63 68
93 41
28 26
59 91
59 96
89 41
74 76
72 14
44 59
25 55
20 41
26 31
90 83
1 78
1 82
19 16
51 64
10 31
90 69
75 49
65 64
43 91
40 67
5 36
26 82
44 99
24 22
30 66
6 31
44 59
65 15
76 16
79 86
0 21
55 75
71 72
91 66
64 83
33 21
19 60
4 63
59 80
86 41
46 44
24 42
3 89
58 79
58 89
65 58
11 72
85 34
45 28
0 61
11 85
82 82
45 38
46 56
18 84
49 64
80 73
59 83
63 69
63 21
58 80
31 21
53 68
55 50
96 7
11 7
93 45
89 90
84 87
99 2
23 48
19 3
22 78
39 37
47 2
10 57
34 41
79 87
61 86
89 57
94 52
16 39
98 57
81 34
97 80
36 72
81 7
28 55
37 67
92 36
21 2
94 55
95 25
43 8
11 84
65 57
37 33
96 35
42 78
21 39
10 57
12 91
17 92
46 6
59 38
43 80
92 37
35 39
14 30
47 25
15 64
83 4
49 79
91 92
9 12
31 20
21 95
11 38
39 10
97 98
0 40
78 93
29 66
84 43
48 32
68 15
96 3
19 46
35 10
90 44
22 73
16 96
69 80
86 8
90 83
59 90
23 89
35 52
55 20
47 56
52 16
71 0
19 91
98 6
53 88
51 28
62 19
24 83
99 10
43 41
46 2
32 69
92 67
74 99
39 21
7 43
89 79
44 61
22 42
67 75
83 70
55 45
90 79
80 89
42 23
31 88
26 15
9 70
34 83
21 74
57 29
17 46
60 13
7 82
8 27
57 91
97 13
88 87
44 68
29 38
91 12
26 69
27 88
91 61
23 13
87 80
94 57
27 54
70 86
36 30
13 45
21 63
10 61
50 7
29 31
45 73
43 24
42 70
12 34
84 35
99 71
16 45
28 95
51 51
33 87
81 99
84 55
62 47
16 64
54 98
96 99
71 39
75 65
10 87
51 46
75 2
17 43
47 98
38 98
1 23
37 34
22 74
89 36
21 58
53 75
8 49
26 79
40 54
96 2
41 48
48 68
50 18
11 50
16 1
48 69
25 38
3 99
12 45
88 33
3 41
60 11
42 38
42 82
92 38
85 86
38 33
54 41
51 66
91 19
19 91
88 96
29 92
96 93
37 36
78 92
77 38
55 19
29 49
53 73
87 38
59 78
72 66
19 75
32 62
95 3
53 83
0 35
27 48
28 16
84 7
60 13
97 15
84 26
64 37
0 4
76 11
34 0
77 53
75 61
67 22
65 20
6 65
7 85
13 88
54 97
95 14
62 44
82 46
23 98
83 75
54 59
86 88
59 64
93 87
77 60
9 42
33 67
59 92
53 72
80 59
21 27
73 35
72 7
81 95
6 65
70 60
76 8
1 36
24 94
75 2
7 84
44 40
52 56
32 57
80 65
16 54
92 41
89 64
49 71
11 7
36 33
67 12
42 68
0 66
15 75
68 22
12 65
14 16
73 98
73 53
63 41
7 56
34 97
72 35
68 84
42 56
17 62
20 11
82 21
30 97
48 50
71 12
67 85
28 40
84 53
94 47
46 1
55 81
50 28
68 70
12 11
78 81
73 99
45 55
72 75
5 20
77 76
85 45
14 13
85 98
67 31
97 13
85 53
46 35
81 15
58 45
78 36
26 51
35 23
58 7
50 15
80 28
92 65
73 6
30 58
56 97
42 53
63 27
6 61
62 39
76 20
84 6
57 63
57 44
86 68
4 89
83 84
17 27
1 90
85 31
0 41
81 42
47 44
69 5
5 84
45 34
56 81
40 65
44 50
10 83
70 14
24 5
50 41
85 51
31 70
82 83
64 63
26 11
59 47
68 17
31 13
3 88
47 95
53 43
97 15
78 67
29 2
73 79
43 10
82 26
80 65
10 44
80 88
7 40
35 76
57 19
41 60
59 88
7 64
84 5
80 62
72 61
65 97
93 60
7 75
87 40
40 49
36 21
37 44
13 24
72 22
43 65
34 54
6 41
19 90
46 99
52 19
12 69
68 5
82 28
81 69
68 73
18 4
46 55
0 59
31 72
81 75
90 15
29 96
57 0
86 55
51 90
74 64
12 95
69 94
23 2
63 43
76 33
99 22
40 0
34 71
24 67
98 14
83 80
10 92
80 48
47 32
39 74
96 3
21 17
97 44
20 12
39 48
97 38
22 37
38 56
60 15
24 59
29 59
91 92
3 71
40 50
3 31
76 51
34 97
21 83
93 93
47 32
41 44
23 15
33 13
24 94
28 0
5 10
59 96
2 14
19 94
64 75
26 93
26 12
90 47
96 36
40 95
68 33
40 43
49 25
57 73
19 85
73 76
47 84
24 49
98 44
44 14
19 22
59 97
34 50
97 82
38 89
78 58
23 70
2 24
95 59
49 67
96 74
43 44
58 20
45 8
64 89
74 35
11 34
84 98
36 81
80 74
71 10
32 46
80 86
70 76
45 19
43 94
93 38
90 3
58 35
63 74
77 37
61 40
71 46
38 59
79 19
85 50
81 70
96 62
56 18
90 54
37 33
0 82
23 90
37 34
25 0
60 54
38 22
95 61
20 33
21 99
4 58
2 86
28 50
48 85
69 38
91 58
23 91
41 98
81 78
32 58
79 45
13 69
67 8
30 39
93 3
90 98
62 92
84 42
43 84
27 64
74 70
22 97
61 15
47 94
94 32
5 25
77 18
94 96
78 76
35 71
80 77
21 94
70 5
36 65
89 16
29 15
38 3
12 0
19 12
46 65
44 51
90 21
21 36
69 51
64 56
23 96
33 44
42 55
2 79
20 43
47 1
59 85
5 23
37 76
35 84
41 31
87 83
4 9
71 73
60 35
29 35
84 63
32 26
18 86
57 91
29 4
44 40
42 49
16 31
77 3
67 18
35 55
1 91
16 24
65 28
12 94
64 96
9 48
22 80
34 80
71 15
36 15
8 30
17 24
62 94
79 29
65 66
84 18
58 52
43 75
81 55
69 97
51 31
45 73
11 31
5 82
46 94
49 6
24 66
82 86
13 62
68 78
28 4
96 38
57 91
13 38
46 35
35 97
66 32
23 77
63 80
11 9
74 12
68 99
31 50
37 44
12 5
74 93
10 22
83 19
14 97
57 60
32 44
10 50
76 85
79 91
65 90
0 92
54 20
43 85
71 32
81 35
38 55
28 0
78 12
19 92
61 28
4 45
24 14
95 52
51 74
43 17
16 95
61 70
16 4
8 87
36 89
22 26
45 3
78 75
67 97
19 80
77 23
25 1
90 20
5 41
46 48
10 62
44 71
84 60
27 92
99 64
82 73
42 79
76 21
54 95
70 25
75 48
48 52
1 38
72 7
32 70
7 42
84 51
14 21
11 41
13 10
57 47
84 0
78 12
73 84
60 43
9 87
43 58
40 97
48 64
56 80
35 63
75 71
15 89
92 78
82 6
41 40
5 77
92 84
41 17
68 1
12 30
89 8
40 81
5 88
45 13
21 32
28 96
4 95
37 96
74 19
54 67
11 12
44 55
48 85
72 68
39 37
98 80
45 38
61 2
79 58
15 0
91 43
48 47
39 85
95 65
4 50
32 68
14 28
23 62
65 48
30 56
85 29
36 82
67 49
84 46
8 99
98 99
94 46
98 85
31 93
50 88
95 34
8 9
14 83
71 32
83 2
88 20
83 25
2 2
74 86
49 34
37 99
85 32
46 83
17 29
77 20
69 72
6 77
82 21
13 5
53 96
59 93
17 42
18 19
45 45
58 46
79 95
45 65
79 43
0 97
25 77
69 94
2 27
24 84
48 37
41 53
33 1
99 50
95 17
22 40
14 80
38 46
75 36
63 55
79 63
4 56
93 25
51 95
52 27
31 53
64 72
58 49
73 57
52 69
27 26
61 93
6 52
39 33
88 54
40 19
18 96
76 11
73 79
6 26
6 89
31 22
61 89
71 87
99 75
8 26
1 21
19 7
73 11
93 61
65 33
81 35
82 57
46 55
88 4
33 94
45 64
16 7
6 39
94 5
15 54
31 16
75 2
76 49
13 21
10 79
6 43
14 88
52 13
96 40
69 29
34 15
46 2
74 52
42 20
57 9
74 40
77 49
42 5
98 56
26 61
87 33
4 53
73 57
18 69
49 88
51 84
55 97
86 29
49 80
1 58
41 75
98 19
24 40
24 75
48 3
36 35
36 92
89 61
1 7
31 51
47 34
35 54
31 73
35 80
6 36
90 47
11 88
66 88
28 43
63 29
46 51
64 82
43 5
95 45
65 78
96 64
12 83
19 43
56 6
75 14
43 65
62 6
53 28
94 34
23 9
15 69
60 31
3 56
37 99
1 54
77 49
70 90
32 89
85 40
96 61
55 91
78 69
97 84
49 44
70 73
53 85
42 66
16 46
22 5
97 75
11 74
24 82
16 8
71 2
48 19
15 55
10 45
24 60
29 74
4 99
47 57
36 41
23 53
39 97
10 36
72 22
63 96
4 31
4 27
85 5
47 52
12 9
98 37
21 79
63 25
31 62
35 67
3 10
72 95
8 83
31 80
57 46
29 61
30 85
40 15
90 39
20 55
49 18
92 22
97 7
48 28
69 35
48 72
45 72
67 5
55 51
86 64
49 15
77 79
52 18
47 95
57 67
50 58
37 94
81 34
1 81
15 70
16 15
94 13
87 14
19 95
65 57
59 66
24 37
98 76
55 45
71 12
64 21
71 1
15 4
87 68
85 54
38 53
69 33
66 9
47 37
4 64
94 15
30 18
52 80
47 59
77 18
24 41
92 47
94 59
51 82
28 88
88 18
41 10
3 59
19 50
49 75
66 43
90 49
14 95
29 61
54 7
31 30
0 23
77 95
35 80
29 63
68 69
33 61
79 37
21 50
39 70
77 6
65 68
7 79
15 36
92 21
95 24
52 96
47 81
43 82
62 24
97 30
93 31
92 73
20 65
75 59
87 53
65 52
73 72
84 88
61 76
9 8
0 13
56 0
95 51
34 57
75 84
39 69
67 83
94 87
48 69
46 35
22 64
40 47
88 24
35 49
52 97
10 5
10 66
5 57
18 91
66 93
27 6
14 94
89 8
81 90
78 80
77 52
44 17
0 32
93 87
34 46
84 44
51 47
62 8
4 32
99 23
78 27
29 92
73 70
1 7
60 31
87 38
35 83
55 35
15 49
75 49
47 59
45 98
58 60
6 15
92 57
38 70
84 67
15 10
89 16
17 50
99 4
40 34
87 47
22 54
48 97
56 95
56 1
93 67
13 51
82 6
9 20
28 45
39 43
55 80
11 72
30 10
28 22
97 67
70 19
22 70
16 78
66 24
31 11
43 45
15 25
3 24
97 31
21 88
27 77
69 38
1 51
1 30
74 50
97 96
69 71
66 37
49 84
13 33
96 57
30 63
34 33
87 32
16 8
72 43
37 93
34 39
45 87
21 71
37 18
19 58
90 37
95 91
22 60
76 70
17 6
33 52
91 20
36 8
80 60
3 18
54 37
9 51
76 30
74 13
0 93
71 42
30 18
34 4
79 62
74 48
69 7
52 60
79 40
20 12
1 24
82 7
13 91
10 90
73 84
55 73
29 79
16 11
49 2
68 80
64 42
29 85
2 33
98 33
74 18
97 27
94 79
86 8
22 96
50 47
32 57
21 13
36 89
76 38
43 44
18 7
39 47
45 41
33 43
26 7
61 24
86 56
55 72
16 78
20 18
25 4
27 98
69 64
39 45
54 82
42 72
42 81
72 87
74 5
30 0
64 91
24 50
99 32
74 67
10 46
37 87
50 65
38 19
81 77
16 35
60 58
59 2
91 31
41 65
36 71
18 52
14 94
2 66
26 28
85 88
74 23
76 24
40 66
95 73
43 64
60 55
74 19
9 66
51 50
83 39
73 1
92 88
48 46
54 74
75 39
63 49
14 91
26 54
57 73
27 52
37 87
60 64
59 69
82 10
72 65
1 45
19 45
33 67
92 39
93 67
79 56
68 45
47 46
0 56
20 79
9 9
19 69
25 78
90 7
40 62
25 93
60 96
39 93
15 31
85 8
50 16
65 70
61 64
17 13
21 89
93 82
50 64
51 76
94 41
35 86
56 60
79 16
56 18
61 71
1 46
80 51
62 97
74 76
13 43
89 34
32 34
68 34
98 19
10 44
13 46
30 21
58 10
37 15
80 50
38 82
49 70
85 11
67 59
39 81
2 29
67 86
63 36
21 14
7 83
58 72
81 89
93 40
51 30
55 31
81 45
65 30
16 51
93 83
62 85
16 65
14 36
3 29
24 24
43 31
8 2
4 89
43 49
81 46
80 88
77 13
34 95
95 50
46 40
85 60
25 54
25 91
90 29
21 14
5 64
97 65
18 53
7 61
3 88
7 35
77 37
0 11
84 47
61 30
87 98
42 65
52 68
56 42
49 77
8 6
94 58
72 12
11 79
26 66
19 85
53 96
74 53
7 58
52 20
40 40
71 83
57 23
3 13
18 4
43 26
10 37
36 34
1 0
65 27
66 85
13 72
33 39
77 41
98 30
13 90
70 84
73 79
60 76
92 78
32 35
56 43
24 93
29 26
93 95
5 11
32 70
83 65
10 61
58 60
91 72
50 13
8 24
92 68
52 36
98 85
24 55
80 48
0 9
26 93
56 32
4 88
2 40
54 12
53 12
24 44
36 75
9 97
51 53
17 3
89 16
40 65
23 20
66 23
82 92
16 38
24 72
27 79
64 81
43 17
45 68
13 82
43 22
79 94
27 96
49 69
64 90
34 87
62 0
10 44
93 78
83 69
51 62
48 15
95 44
33 40
12 98
74 7
21 5
53 0
54 2
69 18
44 4
6 59
4 68
3 49
47 38
19 98
52 19
65 47
63 50
40 27
49 14
34 22
20 39
22 74
42 92
92 38
48 50
97 52
19 53
54 18
43 25
68 96
44 33
95 60
36 35
39 85
50 26
59 22
65 81
96 59
25 40
98 73
43 47
78 14
52 84
32 96
9 0
44 5
85 39
65 21
27 57
6 77
83 17
51 48
99 47
8 76
39 58
2 34
5 32
48 58
16 80
6 25
32 2
30 18
41 48
39 20
5 98
49 40
15 0
88 66
99 48
95 39
58 97
73 64
29 74
74 97
6 32
22 39
34 52
9 27
52 48
48 57
98 97
97 14
98 38
32 97
38 27
88 97
76 14
13 57
88 39
54 46
71 76
85 57
81 46
84 33
95 84
43 45
34 92
11 32
82 44
81 73
23 22
70 0
36 35
57 76
26 64
22 97
40 60
6 73
6 42
59 53
27 54
51 61
46 62
45 81
58 78
54 82
0 76
34 88
11 43
64 37
7 39
86 0
99 44
73 57
86 84
63 65
38 14
78 37
76 23
18 35
54 24
69 54
0 55
95 63
98 59
52 58
98 90
58 49
86 83
59 72
68 22
38 6
36 16
95 64
92 13
51 98
89 20
52 41
75 47
4 26
59 8
36 9
50 46
59 36
29 18
61 49
92 51
8 28
19 3
92 11
69 96
9 58
16 14
0 44
13 56
22 24
17 58
34 19
4 93
8 85
63 69
87 55
20 47
35 39
50 79
3 71
75 64
82 44
30 82
88 44
90 10
68 59
20 54
79 76
99 87
61 62
56 0
69 28
47 4
67 50
84 22
21 11
87 3
55 17
37 43
13 80
5 34
39 25
88 18
1 40
5 15
2 13
15 24
41 15
28 61
65 64
35 38
76 22
94 31
92 31
27 57
11 84
43 3
10 84
21 63
24 79
30 78
92 98
2 86
13 83
47 30
47 34
68 75
57 62
7 1
46 86
10 9
70 54
12 32
90 86
96 14
65 78
92 57
76 95
95 41
78 42
71 77
77 92
53 86
6 12
39 52
98 1
14 68
55 78
1 97
64 49
11 29
79 4
39 8
51 34
49 81
29 73
10 58
65 63
96 71
75 87
76 25
88 42
46 96
20 99
93 37
48 57
66 79
13 57
87 64
44 37
97 25
10 7
35 27
23 31
98 50
70 26
76 58
68 22
6 41
21 52
78 21
9 96
0 22
54 40
38 50
77 35
75 39
94 10
66 17
93 16
68 63
95 96
73 63
18 32
56 91
84 34
64 93
31 16
67 37
56 5
39 85
92 14
76 86
76 94
56 69
63 76
84 58
72 9
73 42
41 30
85 25
64 49
70 47
65 89
36 74
94 75
59 38
89 88
77 17
82 33
38 45
61 22
55 33
32 29
27 25
59 12
3 75
13 73
75 78
15 11
4 9
87 64
48 76
4 25
46 86
10 84
84 71
7 39
56 91
20 35
16 31
47 19
7 60
45 82
90 60
93 95
21 32
11 21
61 15
98 7
53 8
91 89
31 98
81 39
41 1
74 58
33 21
77 92
33 74
26 24
34 71
71 56
4 82
77 65
49 76
72 54
36 63
44 68
14 25
59 55
78 34
65 11
7 95
55 41
69 33
17 56
5 88
12 61
22 41
26 23
69 50
77 58
65 21
26 31
98 85
39 77
71 4
40 79
99 96
20 21
29 89
77 86
29 41
47 51
34 25
74 56
75 3
14 93
25 92
24 23
29 63
0 1
68 93
80 19
89 52
92 70
41 21
9 70
14 56
73 1
34 99
57 9
2 71
54 79
63 79
55 92
94 7
45 14
0 25
34 41
29 78
12 22
52 21
44 66
29 17
67 63
68 24
25 23
47 79
2 10
10 57
55 5
17 52
19 17
30 5
59 59
84 23
82 88
44 26
54 25
96 74
89 16
98 66
39 46
97 94
8 8
3 15
13 20
68 84
38 98
90 49
9 26
72 91
14 68
70 68
93 18
42 34
86 93
0 26
91 98
72 51
6 75
19 71
96 87
55 86
37 45
35 46
23 7
90 37
75 12
58 68
30 52
55 16
97 55
94 88
53 66
92 11
42 11
82 90
50 90
76 87
35 63
33 59
70 75
48 97
87 58
17 69
11 72
38 8
28 32
49 33
51 41
97 45
4 79
35 54
21 63
41 57
26 26
68 48
2 68
97 89
27 14
59 90
39 97
98 19
81 99
52 84
92 1
29 96
33 16
50 54
79 43
63 57
70 83
57 24
52 54
65 31
21 76
21 60
73 19
31 7
71 35
91 63
37 73
60 70
89 62
24 21
6 88
30 28
71 88
4 23
94 69
6 67
46 27
79 71
99 10
78 70
46 22
33 83
95 45
53 84
8 77
57 66
17 88
46 89
28 50
64 22
19 71
42 65
98 21
37 97
32 67
19 30
89 53
13 36
98 18
73 58
47 30
24 65
18 70
6 46
72 22
21 92
93 15
57 44
36 46
93 20
14 13
50 55
18 15
92 16
85 65
75 33
95 51
50 66
74 56
64 46
78 37
38 24
52 48
20 41
46 13
61 60
78 64
68 96
79 60
65 65
77 92
50 72
43 0
90 69
8 55
16 38
92 6
62 97
6 34
38 53
0 99
65 78
15 33
27 95
45 92
12 22
84 14
47 79
14 37
1 74
44 69
12 89
27 27
86 34
61 76
39 13
75 4
92 91
90 19
38 35
63 2
58 99
16 5
30 82
94 31
56 39
0 20
80 28
47 66
14 61
42 53
74 69
9 18
12 99
89 2
35 52
4 45
3 20
50 34
54 96
65 10
87 18
31 67
98 30
85 12
43 79
65 70
49 74
88 13
74 30
16 61
82 72
6 38
45 8
72 99
4 89
62 44
7 93
11 57
75 97
69 71
28 34
41 77
61 81
43 87
11 11
0 46
83 6
84 80
66 8
80 70
97 42
66 57
87 78
14 14
27 36
85 55
22 26
85 83
8 80
22 19
91 22
65 26
80 1
59 46
9 91
69 59
33 35
16 72
65 82
38 92
18 24
0 41
50 37
76 10
69 99
82 12
73 99
90 54
1 49
0 10
40 69
69 25
57 37
49 22
72 88
67 90
12 19
83 14
8 60
25 77
11 59
89 84
58 79
90 59
81 91
22 21
12 43
47 69
81 96
92 53
84 11
95 48
30 79
63 38
39 40
15 50
99 56
86 57
87 77
69 68
20 91
90 32
86 89
54 67
37 98
72 74
9 68
22 39
99 85
29 38
77 44
40 76
52 78
86 39
55 7
8 75
50 50
60 36
91 66
4 28
16 28
54 25
48 77
16 47
14 45
37 92
41 77
20 93
56 6
32 63
65 92
91 15
42 3
52 85
69 8
14 85
36 68
62 85
97 78
32 12
23 70
56 64
99 76
9 7
35 41
71 0
34 62
16 28
65 20
14 86
28 80
71 64
0 85
1 98
63 86
10 38
56 18
54 7
94 63
15 81
56 38
34 90
0 2
71 17
22 85
3 50
17 26
66 17
11 68
15 26
54 77
64 62
95 70
69 42
33 36
75 89
74 9
32 26
63 55
43 85
92 98
87 9
24 54
26 87
22 42
13 28
71 77
90 67
47 11
61 32
0 36
74 74
98 58
1 61
13 96
47 5
95 34
14 71
40 92
59 14
86 72
42 58
2 84
77 1
48 38
34 48
26 60
74 24
18 27
86 31
24 33
36 71
19 2
42 12
94 1
26 81
26 69
39 28
5 68
29 53
6 15
53 32
75 28
9 93
55 95
76 31
80 64
2 51
66 45
63 13
98 90
94 24
11 85
52 16
53 34
22 11
49 27
95 77
55 4
70 11
99 99
42 79
63 97
31 30
42 94
43 40
36 89
17 47
26 69
16 79
55 90
42 5
17 37
82 73
42 4
36 93
3 30
25 19
27 56
1 21
2 96
14 91
85 31
38 11
52 6
42 8
96 84
65 14
21 47
39 15
3 75
9 59
57 34
78 37
42 79
58 96
75 24
87 12
55 78
75 8
84 17
68 81
53 33
47 26
32 86
42 35
13 3
94 70
89 72
7 31
3 18
79 30
42 67
42 50
45 17
10 81
86 78
62 91
11 9
18 43
95 12
30 8
15 25
31 56
49 90
39 5
8 18
35 3
37 30
53 34
99 63
16 38
93 78
29 56
40 47
99 87
59 81
48 26
58 79
82 60
69 21
65 30
92 52
85 29
82 38
64 82
53 80
72 46
10 1
2 50
49 53
38 60
86 86
39 45
17 21
5 38
95 70
68 87
22 53
68 57
43 32
91 48
12 63
46 75
64 48
25 65
53 15
78 92
53 17
37 22
38 42
61 85
64 81
24 38
87 93
95 30
25 38
79 90
53 25
65 18
26 42
35 31
58 13
23 63
30 12
86 21
54 47
58 70
28 83
9 15
76 56
98 1
47 29
43 0
6 8
70 84
3 6
16 13
71 91
76 2
4 14
75 10
61 33
81 42
16 90
9 92
98 59
46 45
88 41
46 95
2 16
79 5
74 47
18 46
39 46
48 95
61 75
5 74
8 86
16 77
28 78
21 27
37 67
72 26
61 70
73 63
87 4
68 61
4 38
7 95
36 7
90 97
82 47
72 43
34 40
20 62
18 41
41 56
61 66
34 74
36 59
37 23
15 57
37 19
47 44
66 83
4 56
81 38
56 5
81 90
45 53
4 64
47 98
72 60
64 58
34 0
17 71
76 84
80 13
4 27
9 22
10 13
79 91
52 87
96 85
77 94
91 33
58 38
31 82
98 47
40 32
48 57
55 24
41 35
37 97
62 98
20 72
12 51
16 16
38 64
53 67
58 44
52 68
82 36
50 32
83 90
16 31
99 71
7 93
58 96
42 20
95 14
45 59
65 13
75 55
77 80
74 88
25 27
8 59
63 11
92 46
53 60
30 5
32 37
98 90
34 92
63 29
7 8
40 72
73 15
80 50
47 54
90 72
33 99
84 96
62 28
95 15
88 25
20 72
62 18
15 48
63 78
29 70
38 69
94 11
36 74
13 84
81 56
8 14
7 92
63 69
72 10
84 61
35 5
33 49
75 0
98 38
30 27
8 68
49 3
31 85
29 97
69 62
53 30
77 60
22 92
29 95
2 13
8 89
70 93
38 98
94 88
36 24
68 97
45 17
52 28
2 81
25 24
96 78
54 73
38 28
17 19
75 19
85 35
60 55
29 98
53 75
87 42
51 55
39 48
24 43
77 26
24 2
2 72
33 8
45 23
37 14
43 64
85 28
0 45
35 81
44 89
56 83
83 59
90 22
8 14
65 85
92 41
39 95
14 72
3 11
96 92
78 91
57 63
71 9
9 6
90 5
47 98
40 30
57 30
4 65
96 21
2 88
63 42
35 29
66 91
92 62
83 70
5 92
86 76
1 95
35 43
52 34
41 92
65 99
74 69
16 70
91 19
10 6
13 46
87 79
37 31
94 72
54 99
65 40
28 18
87 15
62 39
49 55
83 14
6 57
36 23
79 79
94 89
37 7
35 76
86 24
7 80
97 61
32 14
53 60
32 40
27 46
31 76
2 14
43 8
23 31
83 54
10 77
44 99
84 31
75 23
56 34
3 53
48 87
19 1
47 51
42 26
50 25
3 52
92 46
12 15
29 48
22 39
25 66
90 62
97 17
85 5
51 40
58 51
28 29
53 27
81 47
54 83
24 9
87 16
7 99
84 36
47 6
27 25
72 17
39 21
86 24
27 89
16 37
41 96
67 46
76 0
45 30
83 69
91 70
86 98
21 22
86 21
28 13
46 52
82 37
73 68
13 52
57 29
42 50
26 9
96 2
61 41
84 44
63 27
66 1
77 39
23 63
60 51
28 58
3 10
95 28
30 8
33 39
90 75
42 68
36 38
22 97
32 6
93 95
85 11
96 62
50 19
25 11
22 53
21 77
15 17
5 97
25 38
88 67
13 30
35 49
21 57
98 53
15 91
0 0
2 48
62 5
19 39
16 93
92 37
70 59
6 75
8 84
66 97
51 31
79 87
33 0
44 31
5 12
75 57
12 29
57 75
34 28
66 50
21 59
40 91
70 46
19 31
30 85
80 34
16 59
21 49
12 17
33 17
29 8
27 42
37 84
69 72
13 35
74 34
46 14
78 69
13 97
0 95
34 80
29 50
91 50
52 3
20 85
21 49
45 48
43 82
84 64
6 97
52 81
84 50
47 62
19 60
11 71
56 45
3 85
95 95
88 99
98 8
36 71
9 81
71 53
16 56
69 22
5 21
55 89
24 3
51 95
63 62
67 71
59 22
9 55
69 97
6 68
57 43
91 66
24 63
71 40
71 41
63 76
14 18
66 38
73 69
34 89
84 53
60 43
75 21
50 45
18 57
65 27
0 8
94 76
23 17
17 94
10 32
23 25
2 41
15 28
10 1
17 46
54 29
42 82
51 44
27 21
1 44
49 53
52 95
82 76
64 51
22 75
83 45
52 37
86 67
65 49
69 34
47 75
64 41
57 15
86 36
36 39
80 37
45 85
32 27
13 97
78 35
24 13
33 76
2 71
43 20
72 64
54 72
40 18
13 97
33 99
34 22
91 66
59 36
51 44
63 16
93 93
4 17
6 37
45 60
60 40
80 85
5 35
57 97
53 70
46 39
22 32
61 13
51 72
49 54
68 64
71 13
57 75
30 15
64 27
75 24
68 56
9 25
43 18
74 96
89 20
87 11
5 48
24 56
73 25
10 41
89 81
55 46
56 37
61 72
17 88
49 37
96 10
62 39
29 36
36 18
8 23
81 13
24 5
69 49
30 80
42 71
13 97
17 22
87 30
94 56
70 43
93 67
54 55
6 83
43 94
53 3
70 34
17 46
39 38
95 21
70 37
44 84
87 61
6 26
43 0
82 65
96 75
32 50
82 91
85 25
85 38
80 7
72 49
53 63
88 0
36 58
38 80
94 77
93 0
3 88
53 85
53 49
12 86
51 94
29 36
71 66
74 51
74 98
1 79
61 41
80 97
51 18
29 46
95 22
98 50
10 51
87 15
52 99
53 55
45 82
91 16
49 17
19 75
67 72
54 28
13 86
77 65
56 6
63 3
80 61
53 42
13 40
58 17
39 11
73 36
94 16
52 95
34 24
70 1
96 76
82 62
63 11
79 19
18 42
23 50
3 28
93 16
69 51
86 60
62 59
97 8
75 1
3 61
25 25
15 74
2 97
36 17
8 15
88 78
57 63
29 60
92 22
29 13
25 15
25 39
26 74
48 1
76 3
63 53
29 78
27 83
27 15
52 35
82 40
14 91
56 95
4 48
69 33
13 94
0 38
85 26
13 85
79 41
89 42
94 70
72 74
5 99
41 57
35 24
49 1
15 5
48 19
5 17
4 18
63 56
9 48
82 22
34 14
63 75
56 9
45 29
83 2
80 25
11 67
1 12
68 16
70 68
88 75
85 44
46 0
1 55
49 35
29 35
49 92
10 58
1 7
39 37
61 19
14 72
87 15
84 7
83 54
76 23
82 13
68 80
14 21
35 15
8 16
50 58
8 12
68 61
19 7
98 80
78 12
4 17
79 88
25 63
95 53
86 77
66 54
9 32
27 44
47 36
60 97
46 20
61 14
33 80
73 84
12 51
48 16
69 28
57 46
91 52
51 29
81 69
36 90
2 63
86 49
51 98
99 97
70 60
63 3
93 36
39 57
40 88
74 61
16 83
59 59
87 10
40 20
79 76
10 81
92 48
83 43
98 34
41 20
46 4
75 39
93 15
97 33
3 23
94 71
6 53
82 93
15 22
65 94
99 75
28 91
75 11
86 25
97 27
45 43
84 72
83 77
87 32
10 42
55 56
13 13
61 95
58 76
70 23
22 69
50 50
12 77
13 98
54 10
78 51
6 62
23 89
39 11
73 1
53 80
9 19
93 22
66 3
98 36
78 20
57 28
23 69
57 36
20 11
99 98
62 5
12 85
46 51
48 71
4 54
51 65
73 96
87 39
99 85
28 29
57 85
57 32
7 66
21 27
77 20
25 39
77 89
76 75
40 25
46 96
79 49
61 4
45 48
95 96
85 23
25 94
61 34
27 68
0 48
95 77
20 72
68 49
61 96
76 53
21 22
49 52
23 62
56 68
62 4
16 47
27 41
93 88
27 20
56 27
20 3
56 92
75 76
41 88
72 69
41 46
43 42
98 66
56 7
34 18
11 2
17 90
95 11
79 22
83 87
1 56
43 9
48 18
37 42
7 10
11 0
56 55
43 6
21 99
13 8
70 24
10 87
15 58
50 46
80 34
85 82
90 28
43 90
99 81
32 58
91 96
58 99
51 53
57 24
53 71
32 75
47 95
62 14
53 13
12 85
99 98
19 41
78 63
31 29
44 16
87 87
12 98
38 15
51 95
39 56
18 72
31 18
19 46
84 24
11 97
9 10
47 29
3 77
92 86
7 88
2 46
27 66
44 65
81 96
12 21
4 83
45 88
53 16
34 37
40 45
86 49
7 85
30 10
63 74
48 22
62 3
68 41
69 65
6 3
13 71
24 17
54 21
57 59
37 91
96 29
88 35
30 95
20 61
57 35
87 6
9 50
61 30
43 30
95 50
33 8
73 9
77 79
82 35
38 71
78 86
0 67
21 31
14 94
44 72
81 31
30 91
33 91
21 77
73 68
79 59
28 52
68 5
83 3
92 21
74 23
7 75
90 81
58 4
75 2
28 56
85 10
99 71
53 20
48 79
40 79
38 68
83 58
26 66
61 18
87 36
41 46
11 83
79 21
40 6
75 68
15 60
31 14
31 84
87 31
15 27
62 53
96 45
12 22
11 25
92 50
61 86
49 24
21 28
45 61
35 20
82 50
33 13
64 16
49 3
0 65
31 62
70 79
8 34
53 71
60 97
22 73
83 23
98 5
51 95
18 86
68 0
36 1
13 53
69 15
56 69
80 39
32 2
70 92
37 23
63 97
21 37
70 56
60 20
13 64
16 32
50 84
32 39
37 98
44 6
13 52
76 45
44 60
99 14
4 36
90 67
33 63
57 56
71 69
76 85
33 44
69 36
80 53
27 17
51 23
76 16
75 4
13 71
16 13
86 20
49 28
39 35
91 96
43 62
18 19
99 3
64 68
91 96
74 70
14 25
93 42
94 21
98 59
92 14
72 30
34 74
58 73
61 49
22 4
64 92
23 15
95 39
36 39
36 10
9 2
87 3
96 81
24 94
41 68
60 65
99 94
91 57
19 52
59 41
56 75
85 32
90 33
23 78
72 59
88 81
13 76
36 61
9 12
55 2
81 15
20 80
61 11
89 81
64 48
74 72
75 12
4 66
45 28
44 17
39 85
50 5
13 87
66 22
51 74
77 32
41 97
64 3
60 54
36 24
54 62
49 30
74 53
48 19
33 44
36 25
29 87
30 42
26 48
17 77
22 46
62 64
95 26
19 55
32 55
32 87
17 81
17 92
86 65
11 72
61 0
97 91
39 79
85 65
27 54
94 2
0 56
66 95
35 37
3 67
92 35
54 9
68 23
53 54
40 17
26 2
17 75
93 56
54 30
21 34
85 67
36 37
24 54
33 11
91 36
78 35
23 85
96 91
8 50
97 1
67 24
3 36
51 48
92 58
78 65
92 15
32 80
53 8
86 38
19 29
26 50
64 49
35 60
92 95
62 89
96 81
65 99
17 17
99 9
75 30
26 19
45 59
51 50
67 37
40 39
66 66
89 82
67 76
94 59
71 9
1 20
90 66
19 60
35 71
21 62
1 48
33 98
59 84
49 26
73 89
17 91
8 58
73 75
34 68
87 58
29 40
78 71
6 49
31 94
72 53
56 73
53 90
72 12
26 73
90 0
14 8
91 22
18 65
50 5
85 89
63 66
29 93
37 87
94 69
81 67
74 90
40 27
80 64
91 6
89 81
58 4
41 50
78 12
67 80
17 4
69 32
70 50
25 7
38 19
28 71
38 2
61 31
81 93
47 72
52 37
6 10
93 99
12 71
11 79
4 28
35 73
60 5
76 37
65 14
9 93
37 47
48 99
78 29
92 78
54 44
15 12
7 8
11 19
31 75
51 87
3 86
61 16
44 89
5 61
55 14
54 92
14 54
91 44
84 36
22 90
32 37
54 39
97 65
11 81
92 62
68 96
0 81
64 44
70 69
5 25
36 12
70 50
66 13
94 2
49 17
44 34
6 98
25 56
16 36
89 8
50 57
56 51
91 72
47 13
42 5
91 78
69 61
80 35
74 74
90 76
43 34
10 2
85 87
58 1
24 47
61 26
56 18
77 99
90 77
13 84
34 56
14 3
69 46
90 43
21 80
71 16
67 33
18 52
21 28
5 45
27 66
71 84
36 1
35 79
30 0
63 64
56 30
19 77
76 9
73 49
42 44
18 9
78 88
61 99
17 66
96 96
84 19
32 21
72 68
0 2
68 15
18 77
45 37
54 74
99 27
75 41
24 93
50 54
82 63
53 51
81 1
47 65
72 80
86 45
48 38
99 68
54 70
97 51
7 4
25 58
83 1
99 7
46 49
61 28
64 66
31 45
19 79
63 92
11 1
37 11
40 88
31 46
58 29
97 18
33 23
76 68
76 76
76 22
77 89
51 42
8 34
39 27
13 2
19 24
56 8
87 96
49 19
42 59
48 39
77 33
14 6
1 90
34 29
13 63
71 16
57 79
50 97
6 16
51 78
92 7
86 80
55 87
99 49
47 99
41 76
32 7
82 85
98 68
67 63
32 38
79 89
69 81
38 75
97 42
5 90
1 44
22 9
31 21
58 78
72 51
55 4
59 89
41 57
58 60
72 42
98 3
83 67
84 74
95 34
16 52
76 69
96 98
78 80
71 37
58 43
40 65
99 99
55 40
8 65
1 80
59 51
83 94
71 20
68 18
54 36
70 30
6 19
28 84
99 99
73 9
94 14
75 93
13 82
33 22
99 86
54 58
90 38
52 61
58 73
31 64
9 53
94 15
72 74
0 23
25 73
33 19
87 60
12 53
94 97
75 93
36 81
3 26
19 7
39 29
80 70
45 90
75 39
57 0
65 9
23 42
35 8
61 74
20 25
27 14
23 54
7 59
36 62
37 7
70 76
37 2
98 82
44 73
74 2
25 91
63 49
34 98
9 95
73 30
21 0
44 96
55 4
7 43
18 44
50 88
72 39
43 70
22 87
95 48
41 21
39 5
22 73
3 31
21 76
13 94
29 10
42 84
14 49
79 32
45 29
73 17
69 16
39 43
3 86
91 45
59 82
50 81
8 5
65 81
82 30
75 11
40 69
47 54
18 26
39 15
7 64
84 76
80 75
19 35
61 62
32 73
97 34
6 57
40 23
38 74
54 13
85 94
34 84
1 52
10 92
19 17
56 3
46 88
30 17
23 43
32 8
16 29
94 23
86 86
98 24
60 52
89 97
47 23
81 0
27 43
92 98
13 48
53 11
88 83
28 63
78 60
71 95
41 66
70 79
4 68
55 65
73 96
62 72
71 96
72 50
39 16
48 4
16 53
15 4
36 96
67 67
56 91
62 50
9 84
29 13
4 37
78 77
33 93
1 5
89 25
55 80
41 56
85 57
9 52
13 98
48 81
65 57
72 79
7 81
15 88
94 19
25 25
49 11
18 50
68 7
76 75
39 69
31 24
27 93
29 92
91 77
73 8
86 97
87 45
30 2
86 77
73 63
2 22
74 72
25 42
31 53
70 70
22 1
47 1
46 76
94 89
5 19
97 92
69 36
89 99
90 75
28 16
39 82
90 65
54 15
60 85
20 30
56 43
83 3
96 30
31 42
19 36
62 69
80 83
57 70
34 48
97 63
64 36
45 54
54 0
22 14
37 42
44 93
37 27
48 34
9 79
76 81
16 90
50 96
73 7
18 60
7 16
23 71
4 20
78 58
20 0
72 10
94 68
3 32
48 52
18 9
31 46
90 99
37 40
48 62
0 18
22 7
34 97
31 39
18 9
49 90
61 74
0 55
94 56
39 42
8 9
4 91
56 94
43 45
87 43
59 87
61 82
94 96
31 77
87 49
86 36
92 99
62 92
7 57
48 46
51 8
56 55
52 64
50 47
9 37
90 68
76 51
2 22
99 34
0 86
35 86
75 27
38 37
72 45
46 72
43 98
81 51
53 85
15 55
32 24
92 74
93 20
25 47
43 25
81 43
63 69
81 38
96 19
28 68
64 26
41 8
24 74
59 30
11 75
85 95
51 30
69 96
50 46
44 93
71 77
88 87
46 70
77 95
89 57
15 6
84 8
14 8
82 25
90 45
52 76
40 4
58 9
52 8
8 48
54 31
26 42
18 24
12 96
19 54
5 35
60 89
43 26
50 78
51 40
23 56
68 64
12 26
25 64
87 33
13 93
65 91
35 35
15 0
31 35
6 37
22 66
78 17
44 28
95 47
21 71
3 89
35 15
68 12
80 7
98 45
0 15
36 87
50 51
39 34
38 45
23 60
63 1
78 7
82 25
55 3
96 58
44 83
26 12
96 58
19 46
3 71
61 91
59 11
42 98
45 33
44 68
93 59
22 23
67 4
49 74
7 97
32 51
81 10
16 29
68 87
75 71
59 36
62 18
99 57
68 97
90 64
17 35
24 39
11 91
43 60
65 2
57 49
6 90
60 74
19 80
61 94
52 20
82 66
90 82
75 59
79 65
23 96
53 47
36 64
90 31
76 7
86 85
9 44
76 21
18 95
1 31
42 53
52 24
72 42
6 47
1 37
65 77
34 18
24 22
82 15
5 10
74 43
95 83
87 71
4 57
19 6
89 61
11 93
37 83
87 44
83 41
81 48
18 67
66 94
41 0
61 47
10 36
42 57
19 30
81 76
39 0
82 80
13 45
25 50
29 13
46 64
6 80
12 24
47 30
18 89
82 32
88 44
68 30
1 39
12 82
15 4
34 49
84 99
95 10
50 76
75 96
40 81
28 52
57 28
34 27
69 16
59 57
60 27
39 13
19 52
48 86
8 82
36 92
82 83
54 84
59 81
32 51
62 61
55 19
89 89
47 10
57 6
67 69
86 58
82 5
62 82
43 70
17 79
63 99
14 69
35 73
51 67
24 13
80 31
85 21
20 84
31 77
42 50
98 28
9 33
85 71
15 29
42 32
60 57
83 75
26 18
0 29
38 77
95 70
8 80
44 29
16 75
58 58
78 57
87 87
42 24
10 57
5 4
90 66
61 73
41 40
44 41
69 34
18 64
4 79
96 48
8 12
76 18
71 54
27 10
93 69
86 55
27 92
60 69
58 21
94 51
13 38
44 83
24 15
99 29
94 48
29 54
12 5
72 35
11 52
45 56
73 84
12 0
76 72
21 34
45 16
37 59
6 81
42 83
48 93
12 42
93 93
48 6
99 21
41 62
25 39
19 98
23 83
51 99
55 72
85 0
40 74
59 99
7 53
82 56
99 46
50 92
39 99
50 90
72 92
5 49
83 76
47 58
59 98
57 14
23 94
14 15
20 26
66 27
31 48
35 30
46 38
75 86
37 25
28 61
69 33
10 52
9 9
10 68
8 19
34 83
65 1
98 85
27 65
65 58
65 0
41 12
38 16
50 27
93 78
40 63
64 50
67 25
60 30
94 20
49 28
3 67
81 53
52 8
70 17
19 36
70 12
0 60
80 50
88 73
80 28
36 96
31 56
22 91
86 68
63 35
96 18
2 78
23 7
38 94
76 9
82 46
21 82
7 1
84 47
27 16
75 15
13 6
71 87
49 57
55 64
45 3
82 99
33 6
58 72
52 35
33 34
33 55
68 92
8 4
91 87
20 67
3 85
25 26
72 27
36 27
91 81
31 26
32 64
84 43
88 36
30 22
22 15
29 90
8 89
94 99
77 66
18 32
4 96
58 76
75 94
56 18
27 39
44 12
55 80
55 96
68 37
70 90
52 99
80 12
40 26
64 69
45 82
53 49
30 64
77 57
58 85
76 38
24 72
2 32
53 9
28 21
46 98
64 50
49 96
63 41
23 27
63 20
61 16
69 92
80 98
49 91
84 77
81 60
50 35
92 55
44 72
76 42
22 92
92 23
89 55
65 64
82 80
84 44
96 5
88 29
3 89
20 87
67 53
48 17
88 92
72 84
65 0
26 39
93 18
63 34
26 80
98 8
60 82
4 8
87 44
37 90
34 9
30 1
14 30
70 2
22 94
86 39
46 64
79 91
83 42
25 61
74 23
69 86
57 26
94 44
70 84
87 4
45 17
57 60
99 27
14 21
73 53
61 20
17 92
11 52
86 89
13 60
12 83
46 70
61 92
66 31
28 53
88 26
22 45
86 21
25 52
95 98
5 8
18 23
0 82
75 38
71 41
50 35
24 48
57 37
40 24
20 21
29 8
47 4
6 85
25 31
37 72
81 95
80 52
70 32
34 97
70 57
38 72
92 14
20 2
51 61
26 72
34 7
32 81
11 38
66 89
69 55
61 3
50 94
55 20
78 41
18 1
98 56
73 42
71 94
44 74
7 22
46 41
30 79
22 93
69 40
34 91
47 96
94 98
42 49
70 20
90 40
21 40
49 95
82 72
41 79
46 48
1 45
89 83
76 63
29 45
55 63
36 2
11 30
52 53
31 23
26 21
63 99
61 64
46 96
36 87
75 83
35 28
28 76
64 56
39 93
1 46
8 38
49 20
20 1
25 52
76 51
25 92
51 87
56 49
35 93
37 62
28 72
90 8
49 6
64 40
99 65
87 60
55 88
80 76
89 5
28 18
9 53
62 12
92 18
61 27
63 98
89 91
23 32
99 72
38 15
64 90
81 51
50 36
91 82
12 33
87 92
51 48
46 13
60 38
83 74
18 47
72 59
90 47
91 90
71 82
5 36
72 38
39 74
75 31
56 39
64 95
32 67
44 30
80 56
68 63
30 38
62 55
50 53
2 41
95 74
75 52
10 99
43 1
73 70
32 81
9 48
77 93
15 73
23 95
29 44
11 60
34 25
15 84
30 17
26 25
43 53
30 53
53 73
7 78
43 39
60 52
88 89
98 3
62 21
51 91
17 14
3 52
91 70
36 22
40 14
47 83
68 77
89 73
2 96
51 45
35 63
50 75
4 48
31 18
21 34
62 39
0 65
91 91
36 27
13 76
42 13
11 10
42 0
35 45
96 38
42 84
2 92
11 58
92 42
77 14
28 39
5 28
4 96
72 92
75 37
20 17
50 32
79 45
32 14
42 81
5 84
65 7
29 76
17 21
71 94
87 51
85 92
32 42
40 4
34 16
41 7
85 44
39 65
41 23
31 83
4 36
67 21
95 96
50 65
70 21
59 57
72 97
2 56
39 42
60 25
10 54
32 96
50 23
13 91
47 44
74 3
33 93
25 80
90 75
45 12
48 57
69 72
54 23
29 93
66 41
70 76
47 3
24 97
26 37
88 25
34 14
81 19
8 58
99 50
85 97
62 33
54 83
57 60
59 86
5 77
28 75
5 75
30 30
25 9
67 65
34 1
80 67
20 40
25 72
42 10
69 56
95 75
91 53
87 50
91 92
27 19
19 33
47 50
63 24
59 82
89 45
84 21
13 56
13 38
80 55
1 49
63 96
76 55
1 63
5 93
7 33
64 27
18 63
77 81
87 88
15 29
33 99
50 46
8 16
37 88
23 90
90 87
38 18
42 40
82 47
33 41
32 97
68 50
13 97
83 0
85 99
29 19
50 32
17 10
48 6
99 71
96 41
58 35
59 52
75 93
52 60
35 84
9 55
87 22
53 22
75 90
21 4
61 24
88 31
34 88
37 85
12 34
26 22
21 86
75 48
79 27
8 14
63 17
22 50
92 27
73 67
17 46
23 31
70 64
62 57
52 51
42 64
37 69
87 58
7 14
6 86
93 66
53 56
36 75
59 28
2 84
47 71
30 70
2 53
34 16
62 87
68 4
3 5
25 42
16 32
8 22
71 1
41 76
58 77
3 69
5 57
53 52
28 35
74 83
88 9
51 50
48 19
7 3
77 84
98 93
17 6
67 40
60 8
68 70
85 71
39 42
28 92
46 8
27 73
43 68
34 95
70 34
66 77
37 43
62 87
88 31
94 8
23 54
16 91
24 54
14 15
48 94
7 47
2 86
20 46
6 54
93 77
88 59
6 77
55 68
65 95
51 59
3 26
65 72
17 41
78 83
56 26
77 15
73 80
53 45
78 60
99 23
37 39
34 43
17 89
64 82
85 67
93 40
94 10
12 63
51 90
47 59
69 24
26 94
56 79
40 86
39 91
9 28
31 44
24 48
85 88
82 22
7 75
63 1
85 27
17 88
70 64
47 39
40 73
85 49
4 77
35 44
21 97
24 52
93 48
52 78
36 34
1 44
61 16
97 98
43 14
86 65
30 85
56 23
10 42
72 14
71 7
10 92
4 35
96 97
83 48
28 72
34 81
68 47
97 65
45 92
32 31
58 14
68 66
37 78
8 9
93 32
69 3
24 25
90 21
75 74
21 3
46 8
84 14
55 33
31 1
25 15
84 35
30 53
2 19
31 62
81 76
94 50
32 71
75 22
44 50
48 65
53 94
25 89
60 81
22 44
82 0
11 18
35 93
71 89
13 55
52 94
83 98
44 67
21 71
90 65
22 38
83 27
85 8
17 97
89 91
93 23
91 5
42 79
98 65
68 11
72 72
57 56
23 53
23 44
25 65
10 99
56 93
26 41
1 95
90 43
87 84
66 30
89 8
9 87
26 30
51 98
54 60
6 29
14 82
74 91
99 36
90 55
81 68
48 82
16 39
77 55
23 44
85 64
4 47
3 82
29 54
81 83
67 39
13 33
73 39
24 73
75 66
28 56
86 77
90 2
68 68
57 91
64 95
7 20
42 10
3 71
65 36
6 84
75 71
17 49
10 41
22 37
59 2
45 45
31 36
0 99
56 57
42 72
4 49
92 98
60 95
21 77
31 28
61 59
51 78
8 14
19 82
51 78
36 97
75 68
85 75
67 93
85 10
65 89
11 9
40 71
5 61
48 88
41 9
47 93
87 55
7 58
89 10
88 26
59 64
46 96
91 13
89 76
75 6
18 87
16 58
58 73
19 59
61 61
20 9
54 8
16 13
18 58
23 7
36 83
23 82
79 14
95 21
43 23
79 13
62 47
71 72
20 42
31 34
3 52
43 9
12 11
74 30
21 50
89 57
33 64
39 64
31 87
37 26
62 17
39 24
64 10
96 37
4 28
71 8
32 66
69 44
77 96
26 99
46 68
56 31
84 48
47 15
87 85
93 49
54 32
73 70
94 69
7 99
97 78
59 29
44 80
25 74
76 4
25 22
72 33
53 8
81 1
24 68
38 69
17 44
2 90
14 96
12 74
47 9
4 6
91 1
87 68
75 15
72 52
38 96
85 43
5 19
96 81
87 86
50 57
30 4
99 45
53 11
71 0
73 75
59 16
76 46
84 3
13 9
55 51
57 93
47 14
12 43
95 51
82 98
8 12
54 60
9 7
71 80
8 96
8 19
12 84
17 49
40 30
58 95
34 15
40 81
30 52
76 77
4 58
27 64
23 82
24 32
41 48
65 1
96 73
20 9
57 37
58 49
68 16
97 2
83 37
35 65
90 11
43 46
22 22
10 45
4 87
29 46
87 94
47 83
67 20
92 77
57 2
26 77
70 75
79 54
13 66
19 55
30 14
1 52
37 63
49 93
50 78
39 89
25 39
73 92
11 17
21 68
72 0
46 42
75 77
48 88
96 68
43 26
34 96
30 71
60 79
65 62
9 56
52 86
47 77
79 58
46 52
79 18
52 77
13 28
6 61
68 2
81 64
80 16
60 10
39 20
41 4
35 3
13 39
89 12
68 20
23 14
73 54
85 77
31 98
5 89
59 26
44 41
90 24
9 50
87 48
23 28
5 58
83 18
49 73
82 17
45 5
31 18
59 68
96 42
18 53
84 30
79 28
23 21
4 32
24 91
80 47
72 85
57 7
55 6
80 38
23 78
95 6
48 7
75 44
49 45
50 33
75 81
13 98
55 18
30 79
61 11
26 85
48 35
93 4
41 73
94 16
3 89
22 52
96 49
48 98
95 98
83 70
32 49
21 87
67 51
66 80
14 44
66 63
31 59
19 72
84 65
40 88
6 62
40 55
64 88
53 11
39 88
33 23
37 54
62 56
6 80
89 72
76 55
35 7
66 6
79 50
71 19
90 30
33 82
85 49
23 90
60 14
30 46
37 68
0 51
76 58
31 65
31 7
72 18
14 90
77 45
41 0
16 83
30 1
66 15
51 41
57 63
55 88
9 44
8 62
95 36
72 26
54 3
85 78
74 51
69 51
96 62
51 64
45 82
65 63
49 68
4 59
84 11
47 45
55 7
7 2
43 80
80 49
35 65
28 9
16 97
12 64
59 64
28 56
98 46
20 99
14 76
58 98
88 57
96 95
16 3
98 12
35 78
61 23
96 41
32 64
38 45
81 49
61 9
6 59
7 78
10 22
6 21
72 46
78 68
42 47
24 92
59 11
22 72
34 18
14 19
35 52
16 16
54 77
77 12
88 85
90 50
59 48
71 83
95 50
52 89
97 28
81 8
39 55
80 74
26 94
45 61
99 61
29 53
38 6
65 78
91 7
28 2
7 0
86 2
2 90
43 51
18 76
59 9
32 91
83 58
86 80
71 37
41 0
90 31
58 7
61 2
66 90
4 25
42 90
80 44
80 23
47 50
0 58
60 84
49 95
94 87
76 65
24 17
17 66
1 27
25 62
29 43
52 86
69 46
28 49
42 61
24 89
11 24
47 71
8 49
67 2
88 95
19 13
64 88
31 65
16 9
28 97
52 32
83 21
79 64
22 21
25 47
63 36
23 62
60 84
11 27
38 0
74 58
65 38
98 48
4 66
57 32
64 10
16 99
83 95
63 58
17 88
5 32
77 80
94 37
64 6
16 3
58 90
13 75
28 11
23 84
30 33
68 46
43 85
45 78
80 61
36 49
1 93
81 78
26 76
15 90
34 83
45 44
73 58
19 54
22 94
38 52
27 7
98 22
92 95
53 24
8 41
26 10
35 59
40 13
35 8
3 21
91 49
65 65
59 36
19 33
83 9
85 62
16 35
37 60
83 90
37 91
31 63
53 18
22 94
31 10
2 87
83 93
88 1
10 47
89 81
81 72
91 18
87 59
6 24
72 89
66 9
32 49
24 86
20 98
32 51
8 86
90 92
31 78
45 42
78 34
75 59
59 18
29 46
78 35
22 50
76 88
11 9
89 35
47 9
33 79
61 94
17 3
38 48
82 83
42 60
17 18
71 76
36 0
74 66
88 96
68 64
36 31
73 26
66 72
35 52
3 48
98 20
52 88
21 86
71 63
46 40
33 17
69 22
69 43
88 57
92 57
22 80
88 47
6 7
20 94
11 75
94 61
48 46
49 69
84 72
32 30
12 18
99 33
40 21
29 28
78 73
37 52
53 78
0 60
37 72
6 0
99 0
61 47
99 62
16 83
34 1
14 98
19 65
32 59
86 61
39 17
34 29
69 87
59 21
99 96
93 57
48 93
58 9
92 57
71 9
92 57
10 58
55 81
24 87
92 62
0 83
79 86
12 49
74 23
70 25
71 16
35 19
61 93
80 53
2 3
14 94
60 24
5 16
57 81
55 49
43 56
33 23
42 97
24 68
73 46
46 44
14 81
64 75
26 44
81 28
48 95
74 60
72 79
76 29
60 32
79 56
40 64
31 82
13 7
3 86
53 49
31 68
30 47
95 56
91 76
36 91
24 62
52 96
94 80
25 54
64 56
62 4
72 93
39 86
0 42
24 6
91 7
26 73
54 21
81 98
50 17
89 74
79 93
22 73
74 47
80 38
56 42
43 28
88 82
66 40
76 43
46 19
50 72
92 57
46 73
55 48
90 96
74 21
90 96
47 16
95 27
54 51
21 49
32 9
83 98
2 59
93 48
78 44
73 22
53 71
95 8
19 37
56 93
11 46
41 58
62 36
85 69
88 58
18 20
20 2
70 22
13 64
22 44
60 95
66 13
66 62
73 37
51 29
82 62
28 23
20 42
60 57
11 0
16 82
20 88
36 42
10 49
58 84
93 70
32 60
35 50
74 8
88 25
90 70
88 70
94 60
12 6
18 76
6 86
58 78
74 94
20 36
95 31
72 41
1 4
1 37
55 75
97 43
52 87
65 92
9 11
53 22
17 23
50 75
9 60
53 35
6 26
23 1
57 95
42 58
52 95
95 7
22 93
2 27
32 67
19 42
31 72
16 0
95 66
76 56
78 29
91 84
55 66
37 12
14 32
23 66
27 18
73 2
63 27
29 96
46 48
90 77
73 6
78 68
24 54
77 2
35 20
86 91
87 75
55 1
7 78
19 87
49 44
89 12
71 70
60 17
18 50
47 43
56 25
64 80
31 41
34 66
61 72
57 0
48 65
53 55
43 72
94 92
68 83
57 39
53 17
9 24
68 56
67 76
33 83
9 64
24 43
30 86
16 88
86 16
53 92
23 48
64 18
93 33
53 50
24 59
19 33
35 87
41 54
16 74
38 25
38 62
68 69
0 36
9 39
4 14
31 28
14 47
46 7
80 51
9 57
10 29
42 45
68 84
0 84
10 90
9 49
52 30
70 53
18 31
44 23
97 75
51 11
22 49
19 55
0 28
12 63
9 54
60 78
90 12
62 1
2 24
2 55
54 24
60 72
55 4
95 4
79 98
15 53
47 86
8 0
67 72
63 76
79 23
6 69
88 69
70 90
93 24
45 99
48 57
23 55
13 71
59 44
69 75
98 69
13 58
21 80
31 84
9 62
59 15
31 47
36 54
90 81
78 87
32 27
45 56
82 58
27 42
3 48
69 53
69 34
11 90
15 94
26 76
56 38
91 40
85 80
94 27
61 72
15 94
51 12
2 86
70 81
80 25
29 1
30 51
35 94
41 50
88 68
78 97
6 22
89 43
2 83
71 15
7 38
61 11
50 63
97 20
44 77
98 26
78 28
77 13
22 18
16 63
38 46
12 96
68 1
40 70
36 63
38 95
1 99
6 51
63 55
23 59
84 73
85 62
2 14
28 76
85 96
91 23
42 55
20 63
8 12
85 44
27 23
40 28
23 98
31 38
54 6
97 38
80 83
53 34
97 33
62 82
81 54
58 23
61 30
38 70
94 24
14 21
47 6
1 22
5 32
60 11
90 58
49 70
93 54
4 42
87 67
77 68
73 87
44 34
17 82
56 11
58 71
84 6
29 85
28 86
69 41
97 59
51 99
82 96
5 38
38 45
57 67
65 30
54 9
17 23
44 73
86 54
96 70
60 78
7 41
64 28
34 14
40 85
13 74
81 70
12 71
15 70
39 81
52 45
42 21
69 38
47 7
93 43
78 5
73 37
46 38
18 32
52 58
17 17
32 50
39 44
22 55
66 13
36 19
10 30
40 31
69 87
39 62
83 17
67 8
6 66
46 24
98 50
34 68
19 66
18 59
63 92
66 29
57 54
0 20
84 93
51 53
32 90
67 67
7 35
76 66
53 22
90 3
25 25
71 96
43 42
7 58
86 73
40 96
27 40
16 12
33 67
17 66
58 85
33 17
72 9
83 77
84 74
80 61
51 52
57 46
46 65
5 32
90 45
28 70
85 96
34 71
64 51
89 22
88 74
39 12
36 23
89 72
49 70
33 52
74 42
98 72
59 3
56 50
48 37
20 86
33 54
57 97
57 98
19 98
72 11
10 8
86 52
80 87
74 65
39 48
8 89
72 67
45 28
69 45
65 89
31 51
95 40
48 5
38 20
3 63
83 13
71 69
65 4
8 39
69 47
39 77
88 63
97 33
92 66
79 9
8 62
60 3
3 61
8 93
81 63
8 16
77 32
85 94
36 45
86 57
92 77
87 32
41 84
66 33
2 97
94 10
59 7
66 14
68 26
60 1
90 68
17 19
52 54
65 88
99 51
98 43
29 85
75 22
21 93
7 23
90 1
86 50
8 52
16 28
78 76
29 20
97 98
39 49
52 5
90 3
8 88
46 89
25 74
11 46
67 18
21 10
72 7
60 80
59 28
9 90
5 90
10 54
89 2
3 93
59 93
97 67
33 95
57 58
69 20
4 89
39 26
99 63
85 11
43 45
39 4
87 96
47 97
50 36
51 54
29 10
99 78
30 33
74 87
91 95
59 48
84 50
26 83
13 11
46 9
8 86
65 95
82 12
45 33
48 96
39 30
7 38
8 37
71 34
76 15
30 87
63 14
38 89
50 51
52 96
60 61
82 26
56 17
90 1
50 39
50 89
21 57
79 81
46 51
16 74
66 46
61 81
12 51
22 62
3 74
11 15
87 45
93 44
62 84
97 64
75 99
5 48
56 85
29 54
88 97
80 54
43 42
87 8
93 9
22 48
35 33
16 23
31 9
19 93
45 68
10 72
68 15
20 76
52 2
83 40
99 63
46 95
57 33
3 3
94 25
51 30
11 19
5 42
29 24
87 26
44 97
51 12
65 71
41 17
25 24
58 25
87 4
20 45
38 23
0 84
0 51
14 11
71 19
53 52
95 41
30 40
38 81
52 3
5 93
73 30
17 31
55 57
87 27
54 77
50 54
62 51
57 76
62 80
48 68
32 43
9 15
83 99
96 36
55 53
81 28
84 51
59 91
8 98
19 14
76 69
68 38
72 77
66 87
58 14
55 42
58 16
57 41
15 6
29 70
59 11
98 43
14 9
35 74
60 54
88 36
75 8
26 0
85 92
87 95
7 94
38 17
10 47
58 25
53 40
48 13
51 98
8 17
60 95
91 20
1 79
56 29
39 82
29 76
26 16
72 33
10 10
50 72
9 61
97 63
1 45
28 4
96 88
73 56
84 64
76 37
95 84
66 34
18 95
10 44
63 82
30 25
44 32
97 54
45 47
69 98
44 49
54 40
37 27
96 73
91 24
63 86
8 29
20 78
77 31
75 40
65 5
66 10
89 15
16 35
62 37
33 7
86 88
47 75
15 96
1 59
20 64
45 81
45 66
11 22
49 86
15 66
91 33
28 33
48 44
68 11
33 53
70 71
93 69
47 9
65 0
20 38
16 65
71 61
83 34
36 84
21 51
51 64
84 79
97 32
24 17
95 9
71 17
81 64
87 28
25 4
80 45
94 96
63 17
9 46
52 45
31 73
96 82
89 80
13 87
65 37
4 60
99 27
30 80
44 17
60 21
73 40
67 68
36 82
37 97
28 89
43 11
14 39
45 4
20 59
43 37
48 99
49 47
27 79
27 23
96 87
44 22
79 63
42 67
45 79
65 26
21 8
89 87
47 35
43 19
46 86
56 94
86 6
42 65
85 21
88 34
61 32
8 40
96 50
8 93
81 73
19 2
81 9
42 80
96 85
0 42
72 8
36 10
66 30
27 52
4 67
38 65
51 46
5 99
48 65
93 29
38 64
84 71
25 26
52 21
11 4
63 35
64 52
97 31
34 24
83 38
43 73
3 95
71 61
94 19
78 39
48 17
4 32
40 29
58 44
51 22
48 66
57 13
18 55
44 53
31 79
43 75
4 99
70 75
60 64
94 38
4 94
7 60
79 48
89 89
44 92
11 93
59 69
58 29
76 54
34 7
85 78
82 89
77 4
16 89
21 10
79 77
56 87
37 35
87 78
77 31
71 88
76 82
9 86
63 85
92 98
45 77
28 79
18 5
84 34
46 5
96 25
34 5
64 71
40 3
49 17
35 72
58 63
6 67
2 70
5 94
20 2
24 48
81 42
5 17
29 51
74 25
76 8
30 93
31 23
96 33
92 83
57 2
47 64
22 1
34 79
95 54
81 71
54 14
66 59
84 95
10 58
72 38
19 55
83 2
30 80
35 22
63 93
77 62
57 99
15 43
78 11
49 11
34 3
25 0
14 61
95 76
20 20
66 91
75 50
93 5
30 81
79 45
74 56
60 83
7 75
78 37
38 79
48 73
82 26
73 48
87 21
24 59
41 90
50 16
40 96
73 22
77 4
20 3
61 80
86 20
55 16
58 94
95 58
67 29
84 92
77 24
13 1
35 6
43 38
22 36
34 47
58 63
52 30
66 65
10 4
85 66
20 95
12 15
54 31
44 90
23 21
66 89
74 2
95 69
40 70
5 26
17 16
89 69
46 7
86 57
11 72
75 31
19 39
98 73
70 42
16 45
15 82
34 41
36 82
10 76
52 68
54 21
84 95
43 30
2 29
39 13
53 66
96 73
5 94
98 27
88 14
73 55
49 59
48 85
41 59
14 45
27 68
67 63
64 62
45 66
91 85
32 97
3 28
70 9
75 20
36 63
35 61
71 84
21 19
21 62
30 35
60 9
4 79
72 20
41 18
86 84
55 18
81 58
99 3
19 74
24 8
37 11
69 60
47 90
80 68
5 10
4 65
20 8
44 44
28 37
62 66
21 69
37 55
28 36
10 99
10 86
7 99
97 77
12 44
67 92
13 24
54 69
89 26
29 85
71 57
74 85
75 96
55 12
3 35
0 13
34 62
0 42
14 49
71 26
94 90
18 59
15 24
28 56
51 57
94 22
66 68
7 41
64 14
6 19
49 58
33 84
21 85
78 87
34 49
13 80
39 83
39 6
7 67
63 58
76 57
32 42
25 92
36 42
6 94
13 56
52 46
92 25
83 70
64 70
71 77
50 62
12 90
69 20
9 84
30 86
93 15
80 18
7 68
12 65
62 26
21 67
24 65
44 60
35 9
30 58
38 80
21 51
22 42
23 84
26 5
22 19
20 2
89 79
71 54
45 85
80 66
4 56
84 49
16 19
10 98
30 48
31 51
99 53
45 74
89 71
80 11
90 0
66 31
80 89
85 25
74 17
43 79
26 27
80 94
99 90
93 29
38 24
32 90
29 77
64 19
0 44
82 42
97 48
73 77
89 11
54 16
28 97
47 54
77 27
49 76
69 94
57 7
18 41
49 99
70 66
70 70
62 53
12 59
53 37
36 43
48 42
11 77
40 58
83 17
37 84
45 6
78 2
65 48
43 15
48 13
33 18
35 95
23 99
55 77
36 43
72 85
86 83
14 78
93 49
47 30
34 92
36 64
46 1
13 41
68 13
6 1
83 41
97 7
40 4
36 28
47 60
65 85
95 31
63 88
81 10
18 67
54 54
31 52
7 96
93 76
9 51
29 93
44 78
52 84
82 40
65 30
0 30
15 95
14 31
83 95
93 1
14 48
7 45
52 14
94 46
42 3
49 24
48 94
2 0
30 85
92 95
67 92
78 82
39 92
65 22
39 59
75 53
59 82
50 11
49 44
9 43
48 59
67 48
53 70
1 83
7 93
31 74
86 9
8 25
1 74
0 92
33 75
45 44
10 95
55 11
92 65
54 40
76 74
40 29
44 41
64 51
35 95
77 73
56 85
50 9
59 2
1 44
30 46
88 40
94 44
3 86
61 9
78 37
83 18
18 79
12 82
82 47
78 59
72 86
45 74
96 56
77 97
1 7
96 89
99 90
85 54
76 46
63 6
35 47
24 53
26 36
36 9
35 66
20 59
4 65
34 0
22 63
98 23
22 46
64 73
36 2
27 64
0 90
70 36
37 46
89 16
83 77
77 70
95 97
82 0
15 68
52 37
31 50
12 5
96 28
78 84
30 5
48 31
95 70
19 85
17 60
53 52
90 30
22 85
79 4
37 46
72 90
35 55
92 99
60 41
28 38
77 10
95 26
93 91
48 12
28 65
73 81
17 15
63 92
0 94
48 90
41 21
32 76
28 76
28 41
17 56
31 95
18 27
73 12
70 21
76 98
39 1
31 56
16 94
0 69
40 49
59 33
22 43
62 50
19 90
91 37
98 75
84 16
2 9
28 72
82 5
22 73
6 53
30 75
99 82
44 91
31 3
25 53
98 87
4 17
29 47
6 27
74 90
43 76
51 24
0 86
29 74
59 87
27 41
14 78
24 58
22 55
13 47
9 11
86 65
29 15
64 35
42 39
78 85
67 81
9 20
67 90
94 79
30 74
20 44
52 44
55 74
52 68
73 13
80 59
30 61
26 94
96 68
85 26
6 5
8 67
25 27
10 19
6 40
93 27
36 98
23 43
24 75
12 50
88 44
61 18
5 88
65 1
8 2
28 14
7 88
82 32
15 44
4 22
36 49
49 72
99 72
16 76
0 80
26 40
24 87
59 29
75 76
82 84
78 62
50 86
50 84
70 66
28 74
40 64
76 89
89 75
13 57
51 65
37 77
6 61
17 17
42 44
93 24
80 23
87 31
61 37
15 32
55 96
58 95
60 34
36 49
62 2
6 65
67 95
43 25
8 12
42 50
56 87
75 37
63 14
20 24
3 35
8 11
83 19
6 44
53 95
45 67
49 4
33 68
99 28
94 8
40 88
10 96
28 85
85 91
51 5
67 55
93 76
66 76
95 24
72 0
71 18
20 20
74 53
89 73
33 35
33 73
23 44
21 3
81 59
46 33
64 14
40 9
42 6
38 89
82 10
41 54
80 61
74 54
66 15
80 51
50 13
76 26
9 98
29 43
9 76
28 25
90 68
35 84
26 73
73 8
35 66
14 16
80 41
70 98
56 2
50 7
68 26
33 77
76 14
72 85
90 0
11 32
68 98
16 46
71 41
7 6
60 21
74 40
62 97
38 71
99 40
30 67
67 15
97 95
29 69
33 20
70 44
4 90
94 73
89 17
14 96
75 74
17 50
66 32
47 57
55 98
97 85
66 16
52 15
64 81
36 97
53 6
93 10
49 87
83 38
4 97
34 79
24 3
81 42
87 80
99 94
79 49
31 97
17 83
12 81
17 48
78 70
7 23
80 8
10 15
98 66
13 84
98 89
87 79
31 27
12 83
73 91
84 5
88 1
88 52
35 5
52 65
28 59
89 60
19 51
76 17
70 41
1 68
82 41
99 65
68 11
48 93
2 84
98 42
86 39
46 73
44 99
38 24
10 79
37 30
83 65
47 53
6 49
21 88
90 20
5 10
84 6
3 38
90 54
81 28
93 79
1 89
78 92
66 89
23 3
71 6
68 18
59 26
67 80
66 9
53 71
71 37
77 75
75 68
81 8
48 74
88 50
63 18
94 29
59 17
84 30
24 4
49 83
30 68
16 96
30 69
20 1
58 49
28 85
69 9
46 18
35 86
20 51
4 14
32 64
83 17
46 59
21 95
95 4
16 11
52 46
32 72
99 42
22 28
27 43
89 25
61 25
11 81
76 68
47 8
84 83
77 30
42 99
26 37
55 94
0 7
40 84
32 39
26 54
19 6
97 9
83 11
34 95
92 62
63 92
70 47
75 48
77 69
99 55
7 54
1 59
61 41
44 93
33 22
99 4
80 49
13 64
12 99
11 4
61 74
48 84
73 75
32 2
45 83
10 4
89 11
63 2
5 59
48 38
34 47
42 66
48 8
30 60
7 93
17 21
19 65
5 92
93 89
47 38
72 57
42 13
68 5
15 73
17 63
63 51
63 58
17 11
66 0
24 25
93 41
46 13
58 3
57 51
92 4
89 16
61 83
29 82
89 97
55 6
60 71
9 23
29 26
35 47
78 11
72 72
52 71
37 62
26 94
66 71
99 55
39 12
39 21
94 80
18 2
38 78
73 47
2 2
25 89
49 4
52 73
28 4
96 65
18 75
59 84
46 10
92 85
23 83
6 69
63 24
71 53
55 44
52 9
98 77
50 99
33 2
25 61
58 21
78 76
96 90
61 94
0 53
80 75
36 38
97 51
15 68
4 70
65 8
31 63
85 81
15 71
83 40
84 41
13 63
69 10
53 30
56 5
35 88
33 23
27 30
26 42
50 82
64 15
90 95
31 76
28 46
99 11
38 83
4 51
98 25
13 51
56 70
9 43
58 42
19 85
72 45
79 22
28 95
90 18
42 73
46 70
71 45
33 9
81 89
60 79
15 74
83 23
44 92
66 54
34 85
40 58
31 71
32 11
19 22
29 61
95 28
32 66
25 17
27 6
7 88
86 22
62 69
45 58
13 63
12 47
49 4
57 32
28 89
95 47
64 24
8 11
4 92
30 30
10 57
36 17
45 74
91 59
95 36
17 8
51 82
7 52
86 16
84 14
6 79
61 22
56 22
33 60
14 63
42 24
73 31
93 18
5 84
30 53
72 99
13 24
81 73
76 20
89 13
86 47
44 0
21 0
22 55
13 36
70 7
13 95
38 6
14 96
43 96
49 15
95 14
91 29
87 68
49 29
33 87
28 77
87 50
30 9
57 95
98 79
2 63
75 41
21 41
89 64
37 38
32 84
4 23
13 44
43 14
73 76
2 53
6 89
55 36
51 64
83 1
44 85
64 71
78 85
12 67
2 1
57 34
85 14
57 51
58 53
17 83
81 19
36 87
61 44
75 64
8 58
65 52
96 29
23 26
66 87
46 68
88 55
2 26
69 12
29 27
17 46
62 98
18 51
86 31
95 61
95 3
72 12
8 68
41 83
46 59
71 92
28 11
48 82
89 17
46 18
97 15
17 59
14 87
10 52
18 57
13 65
61 37
77 69
57 70
52 4
29 75
96 9
87 96
44 76
66 42
47 63
58 64
74 72
51 37
24 21
94 89
86 7
79 15
76 36
85 81
40 14
56 89
76 95
85 20
72 51
14 71
66 72
35 41
96 38
30 20
11 24
62 49
32 41
64 60
29 49
93 70
15 50
59 91
45 44
63 69
48 78
40 14
2 27
7 99
65 37
71 28
14 33
77 98
26 41
58 56
42 52
78 58
54 37
1 99
33 17
21 81
95 61
96 49
89 3
48 6
93 20
35 7
5 12
5 32
6 15
40 48
19 18
6 73
7 60
25 92
77 98
74 24
59 22
73 0
77 22
7 70
42 42
29 99
6 86
31 12
2 23
61 73
93 19
99 52
79 76
45 8
74 19
32 85
93 58
86 70
80 93
93 74
87 22
73 45
9 57
58 63
32 71
36 26
90 35
78 22
11 75
30 37
94 15
23 39
73 9
62 5
54 55
79 41
29 4
86 90
13 96
53 46
67 42
24 10
77 54
84 41
30 66
30 76
81 53
16 6
62 78
11 68
85 42
9 14
47 48
5 12
44 10
10 64
52 86
26 82
41 10
23 23
76 53
99 10
59 67
16 73
97 28
42 82
70 3
49 69
51 6
34 48
16 44
12 21
31 90
3 24
0 78
47 28
83 46
38 42
66 7
16 63
35 58
98 57
13 47
79 65
53 13
13 21
57 77
42 40
19 97
64 19
75 11
99 59
10 90
1 76
97 69
39 84
79 37
41 93
36 20
10 41
85 75
15 43
4 57
35 23
55 0
94 82
11 93
41 73
83 95
49 32
64 41
16 44
78 10
89 67
82 99
8 68
74 23
63 78
33 98
1 40
50 47
22 14
40 64
87 76
11 37
60 75
78 77
71 8
39 12
27 21
11 36
41 37
11 56
67 96
7 20
36 57
67 11
23 8
27 11
36 38
0 96
13 30
25 37
38 16
49 18
38 13
6 31
50 17
40 18
14 47
38 2
56 58
13 80
18 92
91 54
30 91
2 96
21 80
33 11
96 34
29 34
47 35
18 50
5 58
68 71
57 58
25 13
16 91
93 34
83 84
40 14
27 43
62 0
75 47
12 71
81 93
58 29
81 76
31 86
86 99
9 43
9 34
56 78
25 50
64 9
86 5
75 66
0 37
66 75
84 30
46 17
24 4
98 57
32 29
43 18
80 4
61 90
38 70
20 64
72 84
25 10
41 52
76 41
41 95
68 77
25 67
94 1
71 93
58 56
22 53
74 3
57 88
45 48
58 17
64 82
1 41
92 43
93 69
36 34
64 5
11 41
72 57
95 95
50 5
3 25
11 78
80 20
18 77
68 28
94 32
10 95
73 2
90 18
23 27
4 39
84 67
81 8
25 28
3 27
33 7
52 44
37 84
65 7
61 85
87 7
70 97
3 95
51 45
14 27
72 70
66 8
38 99
16 15
27 72
42 61
31 47
57 68
31 74
27 45
60 14
52 30
63 7
25 14
53 91
41 77
62 8
38 52
59 54
67 87
26 61
0 57
8 9
77 92
84 4
37 96
18 41
78 81
1 55
48 6
99 41
35 61
49 73
65 61
28 32
48 6
93 0
64 54
9 93
46 45
98 35
41 68
28 19
2 29
27 2
35 26
43 71
39 45
44 4
6 24
36 54
31 81
6 47
35 15
40 81
61 90
68 54
11 97
74 13
26 53
67 14
79 10
85 18
7 81
22 13
6 10
19 89
91 25
36 79
41 28
60 54
19 29
8 30
78 34
95 4
87 62
70 18
24 55
36 32
89 10
45 47
72 17
36 64
42 24
95 35
52 55
89 71
36 50
53 66
84 48
71 72
62 41
42 39
49 79
71 90
41 68
37 14
85 25
30 80
49 25
67 1
32 57
25 21
59 78
87 43
27 10
67 41
4 10
80 5
41 3
95 82
72 32
48 9
57 30
89 58
7 57
59 40
66 84
13 25
15 0
20 94
11 88
35 15
50 68
20 91
71 67
25 43
99 26
5 8
56 46
18 64
55 29
56 21
66 69
98 81
21 19
75 32
59 62
99 9
30 71
52 54
38 77
49 89
55 54
49 12
1 67
28 56
49 36
30 15
57 80
96 78
99 23
63 10
85 62
19 68
86 71
22 76
1 71
66 56
26 67
20 79
87 48
87 36
36 17
51 93
98 99
72 49
22 35
60 7
49 31
75 35
55 49
12 56
21 30
64 99
49 85
78 88
85 65
24 22
35 27
67 33
26 39
34 48
74 46
8 76
78 35
11 33
85 75
41 58
57 57
57 59
42 35
47 80
52 72
54 87
51 21
72 78
61 7
78 87
53 38
63 31
74 27
16 11
54 9
69 12
67 26
71 61
13 70
41 65
42 95
53 46
17 25
24 30
84 54
69 38
93 85
21 19
12 90
30 18
99 99
82 66
77 5
80 90
76 21
7 70
69 12
16 86
38 92
68 22
99 37
12 92
74 34
63 38
24 93
57 75
44 39
94 21
97 74
63 73
95 70
95 64
35 64
2 73
56 22
47 55
12 12
99 86
98 62
25 22
7 34
49 3
25 43
76 22
17 39
47 65
62 43
81 97
7 36
22 15
58 21
23 22
33 74
9 31
89 34
5 96
20 55
0 45
50 76
68 20
68 15
85 82
10 18
31 17
54 53
85 65
26 8
87 12
82 96
43 71
82 1
68 2
8 20
48 58
48 68
30 68
83 15
50 46
86 81
15 40
86 0
57 13
8 45
25 91
93 20
14 28
73 34
82 81
54 82
92 55
50 22
23 86
90 26
32 76
59 47
68 46
48 26
11 8
23 88
99 68
60 14
96 34
48 31
15 55
13 59
62 64
82 85
2 72
63 34
48 23
33 68
21 33
94 84
42 69
72 93
38 84
59 86
18 60
17 86
67 83
97 29
47 79
66 1
51 30
87 51
5 20
20 26
6 66
10 48
36 34
93 26
70 53
64 41
13 34
79 80
17 76
61 16
56 27
17 59
57 4
11 62
76 31
40 82
49 2
82 37
36 76
63 59
81 80
0 46
14 79
78 83
55 39
99 63
66 68
23 76
72 34
90 0
17 31
35 66
33 69
56 22
97 71
33 78
51 33
24 17
12 54
0 19
93 99
83 60
67 6
88 91
92 78
44 61
9 79
27 95
48 35
69 46
7 2
76 58
87 53
76 51
7 76
22 1
28 5
13 47
63 1
39 7
79 83
68 41
14 48
88 62
83 9
60 90
63 89
1 50
42 77
53 49
5 75
2 85
81 15
33 96
68 24
4 48
59 24
41 73
72 81
87 8
90 0
98 53
89 99
55 31
28 8
32 86
83 35
23 16
2 56
65 71
32 69
71 91
45 12
16 18
93 4
26 83
56 76
88 45
28 43
28 56
3 60
94 38
47 18
55 50
26 20
21 11
41 92
2 86
56 71
56 49
27 34
84 83
11 24
28 91
19 8
47 22
68 94
60 16
64 67
66 90
39 39
1 80
31 56
19 39
27 27
88 54
62 24
89 25
48 17
16 67
77 15
41 45
61 53
13 25
21 31
16 60
70 69
93 53
77 64
92 4
91 32
10 5
56 99
82 4
68 50
23 45
66 16
43 27
70 56
53 91
88 21
3 10
42 48
64 20
12 56
24 56
41 87
13 97
38 96
54 7
46 77
4 64
94 99
44 16
56 97
7 96
70 62
58 12
11 22
32 75
31 9
31 72
48 97
69 86
93 75
45 91
5 2
56 51
1 0
67 9
49 26
57 71
88 16
83 51
38 68
27 21
77 10
93 25
7 15
63 0
90 9
44 47
11 0
98 12
52 65
74 1
91 31
24 80
47 7
83 86
75 10
7 4
21 53
81 80
20 45
33 62
6 77
10 17
29 8
81 81
26 55
34 17
87 58
49 34
17 33
72 45
95 32
49 16
37 83
49 57
80 82
71 86
59 81
55 88
42 88
21 68
96 55
37 35
65 87
21 82
72 94
27 67
78 29
36 15
64 85
24 44
67 95
82 78
29 89
18 71
77 39
91 25
46 28
60 63
15 82
45 39
28 25
7 6
6 43
73 70
28 97
14 47
44 48
25 73
37 95
96 66
86 87
92 84
16 4
47 83
38 44
23 66
21 30
24 27
25 97
97 53
46 63
52 43
11 29
16 0
24 13
19 10
0 63
94 68
67 93
52 6
37 75
24 59
57 49
86 82
98 36
87 97
99 39
40 63
68 8
63 92
73 82
54 26
45 48
94 65
41 46
23 30
73 47
89 30
96 28
64 47
64 51
44 15
90 36
78 10
44 94
2 18
76 56
44 74
56 90
91 49
37 14
32 62
61 21
45 10
1 9
57 17
61 53
33 3
89 11
14 85
5 68
3 34
77 99
60 85
90 51
35 79
65 67
41 78
40 86
88 42
48 45
11 61
50 44
64 39
8 30
77 65
99 80
99 76
32 11
61 74
62 48
53 79
67 46
58 8
85 46
2 33
44 65
94 94
10 10
86 18
41 63
83 92
95 35
20 79
46 33
53 61
82 58
40 1
5 50
61 42
97 63
75 93
29 21
39 91
31 25
61 24
40 96
68 88
83 88
67 82
22 21
43 56
31 35
57 36
86 19
78 35
34 5
28 15
78 67
6 62
45 19
86 85
16 55
73 99
43 93
81 17
14 76
73 97
12 83
86 50
2 64
85 88
22 65
4 0
84 62
62 29
82 1
67 50
8 92
49 3
85 83
21 51
59 46
1 23
29 87
25 83
3 62
72 25
27 28
78 12
90 92
93 24
93 12
74 1
57 76
5 94
59 78
98 70
24 99
46 54
86 71
89 89
34 61
15 13
41 45
77 32
37 23
8 31
35 35
84 44
11 41
39 22
19 37
44 96
36 90
2 22
14 91
11 48
5 78
13 46
23 91
30 61
66 39
44 1
74 80
46 85
74 37
59 93
74 3
89 10
94 91
84 60
83 95
60 40
26 73
86 49
16 17
62 82
56 58
36 82
91 34
67 65
71 78
58 45
81 0
7 27
43 91
87 78
38 47
18 64
73 5
66 89
22 80
24 30
91 60
12 82
46 31
47 17
9 57
14 42
9 73
70 53
16 9
31 6
9 2
71 82
7 89
23 81
69 47
11 12
59 23
94 57
54 93
74 63
3 40
57 64
65 27
17 81
89 1
88 98
3 11
32 62
52 55
43 21
55 54
86 66
29 80
24 83
26 50
98 29
91 55
93 8
35 63
90 76
16 30
74 71
41 58
85 93
13 28
66 20
34 52
87 63
85 11
46 63
61 96
92 52
3 37
13 38
52 3
14 20
33 40
43 26
98 28
71 64
56 89
84 42
94 71
5 79
82 3
42 96
99 86
0 3
75 13
93 80
16 60
0 1
52 44
79 51
72 50
67 81
92 3
23 86
75 81
65 9
84 59
57 36
97 58
91 72
71 84
4 88
96 5
41 49
1 21
52 25
23 19
58 15
74 34
1 1
15 18
11 51
29 68
87 26
78 78
51 50
15 55
90 63
12 31
12 13
4 16
91 80
87 49
47 62
83 1
63 50
19 26
2 1
47 89
27 25
20 78
75 87
86 65
50 98
49 15
64 5
31 55
85 19
56 33
33 92
34 96
42 5
23 44
6 22
86 86
47 58
64 23
45 50
40 47
1 89
14 65
95 46
72 32
17 80
17 2
72 3
98 67
9 73
63 67
95 49
53 95
59 70
70 4
72 10
4 73
52 18
90 99
16 62
31 85
95 1
87 67
4 38
86 13
11 50
33 59
51 86
54 11
56 24
67 29
86 23
54 38
42 45
37 10
7 21
96 54
74 35
22 78
73 60
92 85
62 77
96 66
63 50
29 72
26 96
53 12
20 7
51 14
52 40
24 12
13 72
66 87
8 40
18 81
53 10
18 15
39 14
81 2
16 62
26 42
59 79
7 31
39 10
97 43
2 73
7 68
46 26
55 54
18 73
87 71
35 6
39 26
72 72
29 41
35 7
35 46
39 42
29 78
52 26
73 55
99 33
75 45
59 30
51 77
56 39
1 43
97 92
70 69
64 51
62 51
10 98
97 49
40 26
79 45
4 53
52 4
86 27
49 97
9 53
26 17
92 27
61 41
19 83
62 36
86 25
87 96
23 37
46 15
15 77
60 20
82 64
24 20
91 25
17 53
78 44
70 22
23 83
15 43
18 78
31 4
3 18
1 78
7 99
93 23
28 6
43 11
22 19
31 14
44 1
19 75
45 89
49 68
25 65
63 43
95 46
48 50
17 1
28 24
52 73
99 80
31 42
91 54
13 75
20 10
76 39
85 73
80 86
93 5
3 9
49 98
55 49
0 72
2 80
97 54
54 48
86 37
43 30
43 56
5 63
66 33
54 3
6 35
90 51
92 45
60 93
96 16
42 96
40 96
77 89
50 83
38 37
20 81
19 64
37 24
79 4
9 86
59 67
73 1
18 65
47 79
59 43
47 53
39 87
50 68
77 52
51 15
41 24
48 60
40 85
36 19
41 45
57 1
12 30
2 31
96 1
62 7
44 9
12 36
96 14
4 25
67 56
92 60
32 40
21 72
26 57
43 19
55 1
72 67
31 27
50 79
28 12
38 25
73 51
61 22
65 65
47 84
73 92
45 5
32 18
29 10
27 73
30 34
74 54
2 57
81 4
37 62
69 75
87 94
78 48
16 44
65 16
80 91
8 77
48 92
95 78
3 75
51 85
9 77
39 63
34 21
20 23
83 89
99 22
83 77
22 52
73 87
20 6
30 28
83 79
20 31
9 75
6 60
60 67
89 0
31 23
73 51
99 8
92 50
30 27
27 52
31 53
91 51
59 74
31 94
53 4
25 14
79 83
74 40
3 15
92 86
90 17
37 89
25 81
39 7
60 19
11 92
24 2
43 83
28 27
29 33
31 7
47 10
42 73
2 45
88 46
31 79
63 20
20 40
53 60
47 14
79 10
58 3
13 53
38 93
80 19
27 11
26 74
74 69
48 76
66 88
75 50
67 90
70 40
31 24
0 30
90 31
41 48
86 6
1 76
99 82
95 26
45 22
53 19
43 1
48 61
41 23
11 9
13 82
49 96
58 1
27 48
32 20
48 70
26 49
46 77
83 41
56 29
15 9
48 10
62 48
72 3
71 83
64 37
17 65
85 27
66 12
27 50
84 75
20 62
77 18
40 12
60 96
41 27
5 42
90 67
90 62
70 14
97 35
3 67
0 88
94 19
53 74
21 37
49 42
0 78
12 92
91 24
88 84
52 45
26 42
12 69
56 34
83 5
21 38
72 74
78 19
93 31
93 14
21 94
8 73
73 21
65 16
45 5
0 49
50 27
43 62
48 99
48 83
57 70
21 29
44 99
48 89
83 93
3 56
88 64
29 13
85 46
29 82
51 29
84 53
8 27
67 8
79 15
91 36
85 12
17 81
64 66
70 47
59 26
3 99
90 84
12 27
30 41
9 33
23 45
86 83
73 53
92 4
20 83
40 58
48 57
39 12
75 62
11 87
88 66
86 30
2 99
57 84
92 18
17 15
64 55
51 89
60 95
93 80
78 85
38 78
42 30
42 70
92 53
57 32
71 43
62 73
42 19
57 87
89 26
54 5
81 5
94 41
0 39
74 31
24 12
9 19
42 4
89 86
57 46
18 81
89 80
54 84
51 64
23 93
90 77
98 24
35 45
17 35
84 91
18 9
56 80
28 98
84 69
37 93
15 55
74 56
88 81
92 91
45 15
84 87
45 35
11 80
80 29
67 16
20 86
77 76
66 57
27 2
26 64
95 41
71 22
50 11
3 94
3 0
10 87
87 7
74 99
87 54
80 54
71 0
40 0
29 58
58 8
12 84
24 8
78 95
30 28
7 85
22 62
85 84
49 72
91 24
23 78
30 3
85 53
56 77
54 37
36 12
45 48
96 69
8 74
16 90
54 75
75 77
37 60
13 87
85 5
63 60
35 45
16 20
99 72
98 5
9 86
17 6
34 65
75 95
92 91
85 46
67 61
75 56
73 89
43 58
94 58
19 29
4 35
50 55
59 0
60 20
86 29
26 20
94 53
67 38
44 53
85 63
14 60
20 87
49 15
98 43
26 69
25 82
56 27
89 15
27 1
35 13
30 13
85 76
66 53
15 62
6 52
78 72
12 50
11 62
65 9
57 43
30 34
77 86
61 66
53 88
67 40
53 49
53 39
26 19
92 93
34 50
45 12
74 57
62 85
71 79
47 81
23 77
15 0
64 29
19 17
69 86
58 23
36 11
14 14
83 6
7 17
8 4
81 82
13 43
67 85
22 14
18 97
44 85
50 8
14 69
77 84
7 35
59 43
99 73
9 34
31 16
3 39
20 84
73 86
27 92
71 1
59 41
51 3
26 53
11 41
74 40
77 81
76 36
77 27
9 86
13 40
3 16
31 75
0 4
13 79
96 36
32 55
77 35
10 4
88 73
97 62
14 74
44 42
62 21
21 71
7 34
63 62
50 94
90 2
50 3
33 98
40 65
6 69
1 16
25 89
90 22
4 4
48 48
98 62
21 19
85 80
53 48
95 3
94 37
57 44
92 90
95 84
55 1
54 8
17 79
50 7
54 54
63 54
2 61
17 75
80 2
55 85
3 2
40 49
39 97
46 32
39 41
68 95
42 22
55 11
54 5
71 60
59 34
14 13
48 83
88 80
38 96
66 41
98 6
42 38
56 88
22 95
29 90
42 23
65 98
35 19
3 6
31 15
92 45
28 92
81 17
73 19
13 91
12 63
49 54
53 5
95 75
1 24
18 95
0 83
93 35
54 49
93 85
64 85
82 92
78 15
61 3
34 74
94 98
38 43
53 43
1 48
19 54
24 89
49 24
24 95
11 30
44 4
67 60
42 49
52 72
17 14
75 51
40 21
50 30
16 55
74 17
55 45
71 79
34 21
56 10
16 67
40 12
24 7
72 66
8 76
90 25
42 17
29 83
38 79
65 6
86 39
24 41
36 95
72 70
68 80
80 36
48 72
48 24
79 72
42 88
49 32
65 91
49 94
26 39
25 92
45 11
83 69
4 20
17 77
42 37
57 75
74 57
47 74
81 79
47 23
19 48
7 84
39 56
79 18
95 56
10 93
68 45
62 72
65 31
1 60
69 11
35 43
68 82
69 2
13 68
77 32
16 85
17 8
93 48
26 89
4 88
34 24
33 96
97 51
80 50
11 49
61 46
